CPU NODE SOCKET CORE L1d:L1i:L2:L3  ONLINE    MAXMHZ    MINMHZ       MHZ
  0    0      0    0 0:0:0:0           yes 3720.7029 1500.0000 1500.0000
  1    0      0    1 1:1:1:0           yes 3720.7029 1500.0000 1499.2581
  2    0      0    2 2:2:2:0           yes 3720.7029 1500.0000 1500.0000
  3    0      0    3 3:3:3:0           yes 3720.7029 1500.0000 1500.0000
  4    0      0    4 4:4:4:0           yes 3720.7029 1500.0000 1500.0000
  5    0      0    5 5:5:5:0           yes 3720.7029 1500.0000 1500.0000
  6    0      0    6 6:6:6:0           yes 3720.7029 1500.0000 1500.0000
  7    0      0    7 7:7:7:0           yes 3720.7029 1500.0000 1500.0000
  8    0      0    8 8:8:8:1           yes 3720.7029 1500.0000 1500.0000
  9    0      0    9 9:9:9:1           yes 3720.7029 1500.0000 1500.0000
 10    0      0   10 10:10:10:1        yes 3720.7029 1500.0000 1500.0000
 11    0      0   11 11:11:11:1        yes 3720.7029 1500.0000 1500.0000
 12    0      0   12 12:12:12:1        yes 3720.7029 1500.0000 1500.0000
 13    0      0   13 13:13:13:1        yes 3720.7029 1500.0000 1500.0000
 14    0      0   14 14:14:14:1        yes 3720.7029 1500.0000 1500.0000
 15    0      0   15 15:15:15:1        yes 3720.7029 1500.0000 1500.0000
 16    0      0   16 16:16:16:2        yes 3720.7029 1500.0000 1500.0000
 17    0      0   17 17:17:17:2        yes 3720.7029 1500.0000 1500.0000
 18    0      0   18 18:18:18:2        yes 3720.7029 1500.0000 1500.0000
 19    0      0   19 19:19:19:2        yes 3720.7029 1500.0000 1500.0000
 20    0      0   20 20:20:20:2        yes 3720.7029 1500.0000 1500.0000
 21    0      0   21 21:21:21:2        yes 3720.7029 1500.0000 1500.0000
 22    0      0   22 22:22:22:2        yes 3720.7029 1500.0000 1500.0000
 23    0      0   23 23:23:23:2        yes 3720.7029 1500.0000 1500.0000
 24    0      0   24 24:24:24:3        yes 3720.7029 1500.0000 1500.0000
 25    0      0   25 25:25:25:3        yes 3720.7029 1500.0000 1500.0000
 26    0      0   26 26:26:26:3        yes 3720.7029 1500.0000 1500.0000
 27    0      0   27 27:27:27:3        yes 3720.7029 1500.0000 2110.4709
 28    0      0   28 28:28:28:3        yes 3720.7029 1500.0000 1500.0000
 29    0      0   29 29:29:29:3        yes 3720.7029 1500.0000 1500.0000
 30    0      0   30 30:30:30:3        yes 3720.7029 1500.0000 1500.0000
 31    0      0   31 31:31:31:3        yes 3720.7029 1500.0000 1500.0000
 32    0      0   32 32:32:32:4        yes 3720.7029 1500.0000 1500.0000
 33    0      0   33 33:33:33:4        yes 3720.7029 1500.0000 1500.0000
 34    0      0   34 34:34:34:4        yes 3720.7029 1500.0000 1500.0000
 35    0      0   35 35:35:35:4        yes 3720.7029 1500.0000 2481.2229
 36    0      0   36 36:36:36:4        yes 3720.7029 1500.0000 1500.0000
 37    0      0   37 37:37:37:4        yes 3720.7029 1500.0000 1500.0000
 38    0      0   38 38:38:38:4        yes 3720.7029 1500.0000 1500.0000
 39    0      0   39 39:39:39:4        yes 3720.7029 1500.0000 1500.0000
 40    0      0   40 40:40:40:5        yes 3720.7029 1500.0000 1499.5160
 41    0      0   41 41:41:41:5        yes 3720.7029 1500.0000 1500.0000
 42    0      0   42 42:42:42:5        yes 3720.7029 1500.0000 1500.0000
 43    0      0   43 43:43:43:5        yes 3720.7029 1500.0000 1500.0000
 44    0      0   44 44:44:44:5        yes 3720.7029 1500.0000 1500.0000
 45    0      0   45 45:45:45:5        yes 3720.7029 1500.0000 1500.0000
 46    0      0   46 46:46:46:5        yes 3720.7029 1500.0000 1500.0000
 47    0      0   47 47:47:47:5        yes 3720.7029 1500.0000 1500.0000
 48    0      0   48 48:48:48:6        yes 3720.7029 1500.0000 1500.0000
 49    0      0   49 49:49:49:6        yes 3720.7029 1500.0000 1500.0000
 50    0      0   50 50:50:50:6        yes 3720.7029 1500.0000 2000.0000
 51    0      0   51 51:51:51:6        yes 3720.7029 1500.0000 3099.8730
 52    0      0   52 52:52:52:6        yes 3720.7029 1500.0000 1500.0000
 53    0      0   53 53:53:53:6        yes 3720.7029 1500.0000 1500.0000
 54    0      0   54 54:54:54:6        yes 3720.7029 1500.0000 1500.0000
 55    0      0   55 55:55:55:6        yes 3720.7029 1500.0000 1500.0000
 56    0      0   56 56:56:56:7        yes 3720.7029 1500.0000 1500.0000
 57    0      0   57 57:57:57:7        yes 3720.7029 1500.0000 1500.0000
 58    0      0   58 58:58:58:7        yes 3720.7029 1500.0000 1500.0000
 59    0      0   59 59:59:59:7        yes 3720.7029 1500.0000 1699.9330
 60    0      0   60 60:60:60:7        yes 3720.7029 1500.0000 1500.0000
 61    0      0   61 61:61:61:7        yes 3720.7029 1500.0000 1500.0000
 62    0      0   62 62:62:62:7        yes 3720.7029 1500.0000 1500.0000
 63    0      0   63 63:63:63:7        yes 3720.7029 1500.0000 1500.0000
 64    1      1   64 64:64:64:8        yes 3720.7029 1500.0000 1500.0000
 65    1      1   65 65:65:65:8        yes 3720.7029 1500.0000 3099.9451
 66    1      1   66 66:66:66:8        yes 3720.7029 1500.0000 1500.0000
 67    1      1   67 67:67:67:8        yes 3720.7029 1500.0000 1500.0000
 68    1      1   68 68:68:68:8        yes 3720.7029 1500.0000 1500.0000
 69    1      1   69 69:69:69:8        yes 3720.7029 1500.0000 1500.0000
 70    1      1   70 70:70:70:8        yes 3720.7029 1500.0000 1500.0000
 71    1      1   71 71:71:71:8        yes 3720.7029 1500.0000 1500.0000
 72    1      1   72 72:72:72:9        yes 3720.7029 1500.0000 1500.0000
 73    1      1   73 73:73:73:9        yes 3720.7029 1500.0000 1500.0000
 74    1      1   74 74:74:74:9        yes 3720.7029 1500.0000 1500.0000
 75    1      1   75 75:75:75:9        yes 3720.7029 1500.0000 1500.0000
 76    1      1   76 76:76:76:9        yes 3720.7029 1500.0000 1500.0000
 77    1      1   77 77:77:77:9        yes 3720.7029 1500.0000 1500.0000
 78    1      1   78 78:78:78:9        yes 3720.7029 1500.0000 1500.0000
 79    1      1   79 79:79:79:9        yes 3720.7029 1500.0000 2000.0000
 80    1      1   80 80:80:80:10       yes 3720.7029 1500.0000 1500.0000
 81    1      1   81 81:81:81:10       yes 3720.7029 1500.0000 1500.0000
 82    1      1   82 82:82:82:10       yes 3720.7029 1500.0000 1500.0000
 83    1      1   83 83:83:83:10       yes 3720.7029 1500.0000 1500.0000
 84    1      1   84 84:84:84:10       yes 3720.7029 1500.0000 1500.0000
 85    1      1   85 85:85:85:10       yes 3720.7029 1500.0000 1500.0000
 86    1      1   86 86:86:86:10       yes 3720.7029 1500.0000 1500.0000
 87    1      1   87 87:87:87:10       yes 3720.7029 1500.0000 1500.0000
 88    1      1   88 88:88:88:11       yes 3720.7029 1500.0000 1499.6510
 89    1      1   89 89:89:89:11       yes 3720.7029 1500.0000 1500.0000
 90    1      1   90 90:90:90:11       yes 3720.7029 1500.0000 1499.0490
 91    1      1   91 91:91:91:11       yes 3720.7029 1500.0000 1500.0000
 92    1      1   92 92:92:92:11       yes 3720.7029 1500.0000 1500.0000
 93    1      1   93 93:93:93:11       yes 3720.7029 1500.0000 1500.0000
 94    1      1   94 94:94:94:11       yes 3720.7029 1500.0000 1500.0000
 95    1      1   95 95:95:95:11       yes 3720.7029 1500.0000 1500.0000
 96    1      1   96 96:96:96:12       yes 3720.7029 1500.0000 1500.0000
 97    1      1   97 97:97:97:12       yes 3720.7029 1500.0000 1500.0000
 98    1      1   98 98:98:98:12       yes 3720.7029 1500.0000 1500.0000
 99    1      1   99 99:99:99:12       yes 3720.7029 1500.0000 1500.0000
100    1      1  100 100:100:100:12    yes 3720.7029 1500.0000 1500.0000
101    1      1  101 101:101:101:12    yes 3720.7029 1500.0000 1500.0000
102    1      1  102 102:102:102:12    yes 3720.7029 1500.0000 1500.0000
103    1      1  103 103:103:103:12    yes 3720.7029 1500.0000 1500.0000
104    1      1  104 104:104:104:13    yes 3720.7029 1500.0000 1500.0000
105    1      1  105 105:105:105:13    yes 3720.7029 1500.0000 1500.0000
106    1      1  106 106:106:106:13    yes 3720.7029 1500.0000 1500.0000
107    1      1  107 107:107:107:13    yes 3720.7029 1500.0000 1500.0000
108    1      1  108 108:108:108:13    yes 3720.7029 1500.0000 1499.1530
109    1      1  109 109:109:109:13    yes 3720.7029 1500.0000 1500.0000
110    1      1  110 110:110:110:13    yes 3720.7029 1500.0000 1500.0000
111    1      1  111 111:111:111:13    yes 3720.7029 1500.0000 1500.0000
112    1      1  112 112:112:112:14    yes 3720.7029 1500.0000 1500.0000
113    1      1  113 113:113:113:14    yes 3720.7029 1500.0000 1500.0000
114    1      1  114 114:114:114:14    yes 3720.7029 1500.0000 1500.0000
115    1      1  115 115:115:115:14    yes 3720.7029 1500.0000 1500.0000
116    1      1  116 116:116:116:14    yes 3720.7029 1500.0000 1500.0000
117    1      1  117 117:117:117:14    yes 3720.7029 1500.0000 1500.0000
118    1      1  118 118:118:118:14    yes 3720.7029 1500.0000 1500.0000
119    1      1  119 119:119:119:14    yes 3720.7029 1500.0000 1500.0000
120    1      1  120 120:120:120:15    yes 3720.7029 1500.0000 1500.0000
121    1      1  121 121:121:121:15    yes 3720.7029 1500.0000 1500.0000
122    1      1  122 122:122:122:15    yes 3720.7029 1500.0000 1500.0000
123    1      1  123 123:123:123:15    yes 3720.7029 1500.0000 1500.0000
124    1      1  124 124:124:124:15    yes 3720.7029 1500.0000 1500.0000
125    1      1  125 125:125:125:15    yes 3720.7029 1500.0000 1500.0000
126    1      1  126 126:126:126:15    yes 3720.7029 1500.0000 1500.0000
127    1      1  127 127:127:127:15    yes 3720.7029 1500.0000 1500.0000
128    0      0    0 0:0:0:0           yes 3720.7029 1500.0000 1500.0000
129    0      0    1 1:1:1:0           yes 3720.7029 1500.0000 1500.0000
130    0      0    2 2:2:2:0           yes 3720.7029 1500.0000 1500.0000
131    0      0    3 3:3:3:0           yes 3720.7029 1500.0000 1500.0000
132    0      0    4 4:4:4:0           yes 3720.7029 1500.0000 1746.3630
133    0      0    5 5:5:5:0           yes 3720.7029 1500.0000 1500.0000
134    0      0    6 6:6:6:0           yes 3720.7029 1500.0000 1500.0000
135    0      0    7 7:7:7:0           yes 3720.7029 1500.0000 1500.0000
136    0      0    8 8:8:8:1           yes 3720.7029 1500.0000 1500.0000
137    0      0    9 9:9:9:1           yes 3720.7029 1500.0000 1500.0000
138    0      0   10 10:10:10:1        yes 3720.7029 1500.0000 1500.0000
139    0      0   11 11:11:11:1        yes 3720.7029 1500.0000 1500.0000
140    0      0   12 12:12:12:1        yes 3720.7029 1500.0000 1500.0000
141    0      0   13 13:13:13:1        yes 3720.7029 1500.0000 1500.0000
142    0      0   14 14:14:14:1        yes 3720.7029 1500.0000 3099.6770
143    0      0   15 15:15:15:1        yes 3720.7029 1500.0000 1500.0000
144    0      0   16 16:16:16:2        yes 3720.7029 1500.0000 1500.0000
145    0      0   17 17:17:17:2        yes 3720.7029 1500.0000 1500.0000
146    0      0   18 18:18:18:2        yes 3720.7029 1500.0000 1500.0000
147    0      0   19 19:19:19:2        yes 3720.7029 1500.0000 1500.0000
148    0      0   20 20:20:20:2        yes 3720.7029 1500.0000 1500.0000
149    0      0   21 21:21:21:2        yes 3720.7029 1500.0000 1500.0000
150    0      0   22 22:22:22:2        yes 3720.7029 1500.0000 1500.0000
151    0      0   23 23:23:23:2        yes 3720.7029 1500.0000 1499.3879
152    0      0   24 24:24:24:3        yes 3720.7029 1500.0000 1500.0000
153    0      0   25 25:25:25:3        yes 3720.7029 1500.0000 2479.6060
154    0      0   26 26:26:26:3        yes 3720.7029 1500.0000 2479.4670
155    0      0   27 27:27:27:3        yes 3720.7029 1500.0000 3100.0071
156    0      0   28 28:28:28:3        yes 3720.7029 1500.0000 1500.0000
157    0      0   29 29:29:29:3        yes 3720.7029 1500.0000 1500.0000
158    0      0   30 30:30:30:3        yes 3720.7029 1500.0000 1500.0000
159    0      0   31 31:31:31:3        yes 3720.7029 1500.0000 1500.0000
160    0      0   32 32:32:32:4        yes 3720.7029 1500.0000 1500.0000
161    0      0   33 33:33:33:4        yes 3720.7029 1500.0000 1500.0000
162    0      0   34 34:34:34:4        yes 3720.7029 1500.0000 1500.0000
163    0      0   35 35:35:35:4        yes 3720.7029 1500.0000 1500.0000
164    0      0   36 36:36:36:4        yes 3720.7029 1500.0000 1500.0000
165    0      0   37 37:37:37:4        yes 3720.7029 1500.0000 1500.0000
166    0      0   38 38:38:38:4        yes 3720.7029 1500.0000 2059.0291
167    0      0   39 39:39:39:4        yes 3720.7029 1500.0000 1792.3060
168    0      0   40 40:40:40:5        yes 3720.7029 1500.0000 1500.0000
169    0      0   41 41:41:41:5        yes 3720.7029 1500.0000 1500.0000
170    0      0   42 42:42:42:5        yes 3720.7029 1500.0000 1500.0000
171    0      0   43 43:43:43:5        yes 3720.7029 1500.0000 1500.0000
172    0      0   44 44:44:44:5        yes 3720.7029 1500.0000 1500.0000
173    0      0   45 45:45:45:5        yes 3720.7029 1500.0000 1500.0000
174    0      0   46 46:46:46:5        yes 3720.7029 1500.0000 1500.0000
175    0      0   47 47:47:47:5        yes 3720.7029 1500.0000 1500.0000
176    0      0   48 48:48:48:6        yes 3720.7029 1500.0000 1500.0000
177    0      0   49 49:49:49:6        yes 3720.7029 1500.0000 1500.0000
178    0      0   50 50:50:50:6        yes 3720.7029 1500.0000 1500.0000
179    0      0   51 51:51:51:6        yes 3720.7029 1500.0000 1500.0000
180    0      0   52 52:52:52:6        yes 3720.7029 1500.0000 1500.0000
181    0      0   53 53:53:53:6        yes 3720.7029 1500.0000 1500.0000
182    0      0   54 54:54:54:6        yes 3720.7029 1500.0000 1500.0000
183    0      0   55 55:55:55:6        yes 3720.7029 1500.0000 1500.0000
184    0      0   56 56:56:56:7        yes 3720.7029 1500.0000 1415.9930
185    0      0   57 57:57:57:7        yes 3720.7029 1500.0000 1500.0000
186    0      0   58 58:58:58:7        yes 3720.7029 1500.0000 1416.1530
187    0      0   59 59:59:59:7        yes 3720.7029 1500.0000 1500.0000
188    0      0   60 60:60:60:7        yes 3720.7029 1500.0000 1416.2760
189    0      0   61 61:61:61:7        yes 3720.7029 1500.0000 1500.0000
190    0      0   62 62:62:62:7        yes 3720.7029 1500.0000 1500.0000
191    0      0   63 63:63:63:7        yes 3720.7029 1500.0000 1500.0000
192    1      1   64 64:64:64:8        yes 3720.7029 1500.0000 1500.0000
193    1      1   65 65:65:65:8        yes 3720.7029 1500.0000 1500.0000
194    1      1   66 66:66:66:8        yes 3720.7029 1500.0000 1500.0000
195    1      1   67 67:67:67:8        yes 3720.7029 1500.0000 1500.0000
196    1      1   68 68:68:68:8        yes 3720.7029 1500.0000 1500.0000
197    1      1   69 69:69:69:8        yes 3720.7029 1500.0000 1500.0000
198    1      1   70 70:70:70:8        yes 3720.7029 1500.0000 1500.0000
199    1      1   71 71:71:71:8        yes 3720.7029 1500.0000 1500.0000
200    1      1   72 72:72:72:9        yes 3720.7029 1500.0000 1500.0000
201    1      1   73 73:73:73:9        yes 3720.7029 1500.0000 2000.0000
202    1      1   74 74:74:74:9        yes 3720.7029 1500.0000 1500.0000
203    1      1   75 75:75:75:9        yes 3720.7029 1500.0000 1500.0000
204    1      1   76 76:76:76:9        yes 3720.7029 1500.0000 1500.0000
205    1      1   77 77:77:77:9        yes 3720.7029 1500.0000 1500.0000
206    1      1   78 78:78:78:9        yes 3720.7029 1500.0000 1500.0000
207    1      1   79 79:79:79:9        yes 3720.7029 1500.0000 2000.0000
208    1      1   80 80:80:80:10       yes 3720.7029 1500.0000 1500.0000
209    1      1   81 81:81:81:10       yes 3720.7029 1500.0000 1500.0000
210    1      1   82 82:82:82:10       yes 3720.7029 1500.0000 1500.0000
211    1      1   83 83:83:83:10       yes 3720.7029 1500.0000 1500.0000
212    1      1   84 84:84:84:10       yes 3720.7029 1500.0000 1500.0000
213    1      1   85 85:85:85:10       yes 3720.7029 1500.0000 1500.0000
214    1      1   86 86:86:86:10       yes 3720.7029 1500.0000 1500.0000
215    1      1   87 87:87:87:10       yes 3720.7029 1500.0000 1500.0000
216    1      1   88 88:88:88:11       yes 3720.7029 1500.0000 1500.0000
217    1      1   89 89:89:89:11       yes 3720.7029 1500.0000 1500.0000
218    1      1   90 90:90:90:11       yes 3720.7029 1500.0000 1500.0000
219    1      1   91 91:91:91:11       yes 3720.7029 1500.0000 1500.0000
220    1      1   92 92:92:92:11       yes 3720.7029 1500.0000 1500.0000
221    1      1   93 93:93:93:11       yes 3720.7029 1500.0000 1500.0000
222    1      1   94 94:94:94:11       yes 3720.7029 1500.0000 1500.0000
223    1      1   95 95:95:95:11       yes 3720.7029 1500.0000 1500.0000
224    1      1   96 96:96:96:12       yes 3720.7029 1500.0000 1500.0000
225    1      1   97 97:97:97:12       yes 3720.7029 1500.0000 1500.0000
226    1      1   98 98:98:98:12       yes 3720.7029 1500.0000 1500.0000
227    1      1   99 99:99:99:12       yes 3720.7029 1500.0000 1500.0000
228    1      1  100 100:100:100:12    yes 3720.7029 1500.0000 1500.0000
229    1      1  101 101:101:101:12    yes 3720.7029 1500.0000 1500.0000
230    1      1  102 102:102:102:12    yes 3720.7029 1500.0000 1500.0000
231    1      1  103 103:103:103:12    yes 3720.7029 1500.0000 1500.0000
232    1      1  104 104:104:104:13    yes 3720.7029 1500.0000 1500.0000
233    1      1  105 105:105:105:13    yes 3720.7029 1500.0000 1500.0000
234    1      1  106 106:106:106:13    yes 3720.7029 1500.0000 1500.0000
235    1      1  107 107:107:107:13    yes 3720.7029 1500.0000 1500.0000
236    1      1  108 108:108:108:13    yes 3720.7029 1500.0000 1500.0000
237    1      1  109 109:109:109:13    yes 3720.7029 1500.0000 1500.0000
238    1      1  110 110:110:110:13    yes 3720.7029 1500.0000 1500.0000
239    1      1  111 111:111:111:13    yes 3720.7029 1500.0000 1500.0000
240    1      1  112 112:112:112:14    yes 3720.7029 1500.0000 1500.0000
241    1      1  113 113:113:113:14    yes 3720.7029 1500.0000 1500.0000
242    1      1  114 114:114:114:14    yes 3720.7029 1500.0000 1500.0000
243    1      1  115 115:115:115:14    yes 3720.7029 1500.0000 1500.0000
244    1      1  116 116:116:116:14    yes 3720.7029 1500.0000 1500.0000
245    1      1  117 117:117:117:14    yes 3720.7029 1500.0000 1500.0000
246    1      1  118 118:118:118:14    yes 3720.7029 1500.0000 1500.0000
247    1      1  119 119:119:119:14    yes 3720.7029 1500.0000 1500.0000
248    1      1  120 120:120:120:15    yes 3720.7029 1500.0000 1500.0000
249    1      1  121 121:121:121:15    yes 3720.7029 1500.0000 1500.0000
250    1      1  122 122:122:122:15    yes 3720.7029 1500.0000 1500.0000
251    1      1  123 123:123:123:15    yes 3720.7029 1500.0000 1500.0000
252    1      1  124 124:124:124:15    yes 3720.7029 1500.0000 1500.0000
253    1      1  125 125:125:125:15    yes 3720.7029 1500.0000 1500.0000
254    1      1  126 126:126:126:15    yes 3720.7029 1500.0000 1500.0000
255    1      1  127 127:127:127:15    yes 3720.7029 1500.0000 1500.0000
